1676613701
1662867957
1699656227
1654682302
1673468597
1692685992
1677423670
1693784775
1651209863
1695411594
1685738403
1685389165
1666491267
1657909982
1677687625
1697883334
1696380034
1698305611
1666484310
1695401452
1677808475
1686372731
1667198267
1665337935
1695382635
1680136077
1689742681
1661983210
1676730054
1657789715
1660044723
1699460435
1685334764
1651097833
1688055952
1655054210
1666263094
1668521735
1696091884
1664232630
1689639847
1686462364
1663486660
1687826653
1657071441
1699655075
1652468027
1696268150
1658794301
1686719020
1670346953
1698363613
1664184007
1670742714
1652711237
1693370472
1670803543
1671657022
1681427893
1654337302
1663075780
1679335810
1691465720
1675715831
1699626715
1693361197
1686921197
1686305485
1657041420
1679806304
1657502967
1680143492
1686592841
1680749200
1661228297
1672006953
1677594953
1665473830
1667012103
1658209221
1661541111
1656616081
1658555754
1683966131
1678509290
1662488234
1651255785
1670282300
1652001140
1671608573
1670010637
1677374094
1663023084
1670565494
1663176292
1697680955
1692588482
1691626514
1696132604
1672206367
1694389103
1668987294
1658341385
1670085784
1697500481
1678235300
1664327282
1685356313
1695962294
1657330723
1676362557
1656397545
1664710613
1684850633
1665963530
1678017361
1688174907
1674468713
1696507163
1664294583
1662862707
1663082805
1697477502
1688475377
1673625570
1695074923
1665360483
1677170482
1681373602
1651247997
1655396035
1658780493
1676426290
1653206993
1686397167
1659011490
1662451811
1674499817
1660648917
1652353384
1686693817
1662046781
1650646985
1652805063
1684015492
1692293663
1662376057
1651557661
1691330682
1654422362
1691377917
1660202493
1697160707
1663449092
1674301705
1678082260
1675013815
1668539521
1667937867
1691387763
1663053525
1689393771
1674261770
1673106363
1681915151
1677604855
1677838283
1697550293
1668854650
1660784073
1696125197
1671263043
1680905912
1665495227
1659277435
1678337492
1692732997
1683880707
1681844184
1677701832
1656900083
1653909133
1698810887
1657385724
1665348320
1655176690
1674949042
1667906111
1657683925
1651301752
1688907513
1655200827
1689264992
1678561367
1674068912
1678845927
1664886305
1689984977
1686800822
1696773443
1664360534
1658677541
1682419227
1656259673
1679439294
1677440575
1677271880
1666474060
1685466484
1656980997
1675219787
1665296871
1655299322
1669046130
1689231043
1689519690
1659996287
1651348205
1656184434
1677888623
1690259862
1685880775
1694881630
1682572234
1652509483
1678534074
1679238702
1687097005
1678584855
1667935832
1659230951
1692900853
1694380562
1699092417
1694830300
1689743820
1655662381
1697788425
1652467487
1682528861
1684911060
1679298127
1691041880
1677904915
1665774217
1657652700
1686720184
1677742960
1659903423
1695528853
1650173365
