1657062495
1682275743
1660704977
1653229370
1675793045
1682942485
1679100747
1663110387
1687228120
1667345610
1668576930
1672598617
1657031777
1671581883
1659733522
1651899633
1681919043
1684199740
1689890030
1655053593
1698061641
1689969005
1677567860
1687319745
1680997945
1686566805
1650057111
1652267492
1692633014
1664510871
1652593344
1660743953
1697613227
1684169652
1693458907
1662209587
1651279705
1657729571
1677212701
1657417272
1656050252
1672854380
1654039534
1673413447
1659413084
1661605485
1650387352
1682276453
1679520237
1697783940
1676165644
1682832803
1681584394
1696823415
1652113217
1656441607
1659085095
1671422520
1667085563
1654467443
1680090920
1680987472
1662065005
1659835402
1696697504
1663907555
1660291585
1680897610
1695490905
1663804483
1692941453
1687670537
1663173433
1679224442
1686636445
1659742781
1651410523
1698805724
1657651010
1682668374
1680378685
1654536803
1671077797
1680605291
1658086085
1678876095
1650326280
1677334805
1652290795
1685289237
1670792651
1678504044
1692707574
1682553070
1687448141
1652151290
1686173525
1680539647
1660047407
1692683092
1679418217
1686167120
1667542237
1668136573
1653433954
1664560895
1676191195
1683172894
1651140714
1676883177
1685301831
1694915007
1689218062
1680550673
1688082752
1652195435
1691707733
1681917035
1659758862
1671774863
1660197985
1661568782
1675995377
1697699867
1671516801
1679220942
1663998652
1658198011
1696528462
1662707877
1692606833
1660883575
1654206871
1685914732
1686113347
1686279291
1669470964
1698081730
1695644070
1656351641
1677422901
1652537535
1675111384
1680337370
1699443947
1687975414
1660567455
1678871933
1677420777
1668679277
1669879453
1682007502
1655391475
1689521397
1665177065
1677654791
1677044313
1650747911
1698379742
1653156207
1678048984
1672805433
1654732742
1690301537
1655447914
1668152302
1678250281
1680685005
1656596614
1669043793
1682837364
1694121342
1686272487
1675040654
1676432813
1696379752
1660842683
1682905125
1687456815
1664880557
1698656667
1676585074
1674656512
1675499851
1672724087
1650939632
1698000541
1690060603
1694882817
1666761277
1664951284
1686643467
