1686854284
1652838941
1650045154
1653772624
1682771055
1661334782
1695390710
1661232191
1658503782
1672200341
1668293725
1691471774
1687762864
1693029220
1682864981
1657871690
1678561690
1690091215
1660548563
1652475194
1654454665
1691891663
1699648070
1680429591
1650504713
1663574334
1694481714
1675047255
1671669130
1686796714
1669938032
1693379851
1683497160
1678078050
1664993151
1689024095
1672565837
1681589145
1689686093
1673353013
1661995871
1675510011
1699658334
1685038872
1678097427
1688045764
1650960902
1653489547
1669744601
1655025264
1685255144
1674099933
1691558473
1694754242
1687501141
1659372405
1653212842
1686353177
1674177480
1656609250
1650329593
1673269983
1686885812
1671765242
1659868317
1688198543
1656998300
1660712033
1696263082
