1688830574
1657179085
1690679770
1684107552
1689763587
1681825867
1667406182
1660718603
1663930190
1684753482
1652497440
1699468915
1665748412
1681629775
1680764560
1677958344
1669298325
1669506602
1656928185
1660370770
1658876954
1689191100
1664116375
1658445513
1681443943
1659312273
1659176932
1683430401
1659960060
1665535171
1686757925
1697545744
1660642277
1670375182
1664486897
1657110817
1691153161
1666049361
1671678537
1684724533
1672295712
1693882552
1687118000
1664774243
1692874480
1659533654
1658385263
1678848261
1655776953
1688176555
1698437834
1678428074
1654681172
1666309854
1677351105
1688377855
1664283233
1653104175
1687041742
1671365771
1670276802
1694201942
1683062895
1657129273
1667833085
1651940510
1682781015
1680117557
1690135112
1658353825
1677239431
1678526732
1678484427
1698838405
1698192692
1663243117
1652861250
1652041004
1664398390
1663681111
1667544607
1698845495
1692509541
1671794631
1655701162
1674972823
1676899492
1686494567
1689844783
1652693780
