1688830574
1657062495
1693165593
1682275743
1657179085
1688627972
1686854284
1676613701
1660704977
1652838941
1650045154
1690679770
1653229370
1694618733
1664898283
1662867957
1688470320
1684107552
1699656227
1653772624
1654682302
1681637342
1654330970
1675793045
1682942485
1673468597
1689763587
1682771055
1661334782
1679100747
1681825867
1692685992
1677423670
1693784775
1697624614
1680757981
1663110387
1651209863
1695411594
1687228120
1685738403
1667345610
1667406182
1667911551
1673810763
1668576930
1660718603
1657773037
1672598617
1663930190
1685389165
1657031777
1695390710
1666491267
1671581883
1689919584
1659733522
1651899633
1657909982
1677687625
1697883334
1661232191
1681919043
1696380034
1658503782
1698305611
1684199740
1678316612
1676234163
1672200341
1684753482
1697690124
1666484310
1695401452
1668293725
1677808475
1658349663
1686372731
1689890030
1655053593
1667198267
1678488701
1665337935
1695382635
1680136077
1689742681
1697119251
1661983210
1676730054
1657789715
1698061641
1650558205
1660044723
1678778554
1689969005
1677567860
1699460435
1687319745
1680997945
1685334764
1652497440
1651097833
1686566805
1650057111
1699468915
1693478987
1652267492
1688844894
1688055952
1665748412
1659242412
1699296890
1655054210
1681629775
1666263094
1668521735
1696091884
1682513181
1664232630
1689639847
1686462364
1692633014
1664510871
1673305563
1663486660
1652593344
1680764560
1687826653
1657071441
1699655075
1652468027
1660743953
1696268150
1666064850
1697613227
1684169652
1693458907
1662209587
1658794301
1686719020
1651279705
1657729571
1670346953
1677212701
1694339642
1698363613
1672775467
1659260297
1658661230
1657417272
1677958344
1664184007
1656050252
1669298325
1670742714
1652711237
1693370472
1672854380
1670803543
1671657022
1681585495
1681427893
1691471774
1669506602
1655618712
1654337302
1663075780
1679335810
1691465720
1656928185
1654039534
1673413447
1687762864
1660370770
1658876954
1662710560
1659413084
1661605485
1675715831
1650387352
1699626715
1693361197
1682276453
1686921197
1653437490
1686305485
1679520237
1657041420
1693029220
1689191100
1682864981
1679806304
1657502967
1680143492
1697783940
1686592841
1657871690
1680749200
1684481093
1678561690
1664116375
1676165644
1661228297
1690091215
1684588962
1658445513
1682832803
1660548563
1695217240
1681443943
1672006953
1677594953
1659312273
1652475194
1686647613
1681584394
1659176932
1665473830
1696823415
1652113217
1683430401
1667012103
1658209221
1651432950
1659960060
1665535171
1656441607
1651270542
1670804430
1659085095
1654454665
1661541111
1671422520
1667085563
1656616081
1691891663
1654467443
1680090920
1658555754
1683966131
1678509290
1670480421
1676009735
1680987472
1662065005
1699648070
1659835402
1696697504
1688607543
1662488234
1685117193
1680429591
1650504713
1662849241
1686757925
1663907555
1663574334
1684597215
1651255785
1696351693
1660291585
1670282300
1697545744
1652749881
1680897610
1652001140
1695490905
1663804483
1692941453
1694481714
1678852447
1671608573
1670010637
1677374094
1663023084
1670565494
1663176292
1697680955
1687670537
1652771220
1657040802
1692588482
1691626514
1663173433
1664486971
1696132604
1672206367
1661226063
1663188425
1657161001
1653531237
1660642277
1675047255
1679224442
1694389103
1686636445
1659742781
1671669130
1668987294
1686423383
1658341385
1670085784
1687972161
1651410523
1697500481
1678235300
1677199753
1670375182
1664486897
1666360025
1664327282
1657110817
1650232470
1684970862
1698805724
1691153161
1685356313
1666049361
1664936434
1671678537
1651655884
1695962294
1657651010
1684724533
1657330723
1696317255
1682668374
1676362557
1680916020
1680378685
1656397545
1664710613
1654536803
1684850633
1665963530
1671077797
1678017361
1672295712
1664572550
1688174907
1686796714
1659399671
1674468713
1696507163
1693882552
1680605291
1658086085
1669938032
1693379851
1687118000
1678876095
1650326280
1664294583
1677334805
1683497160
1662862707
1652290795
1685289237
1670792651
1664774243
1678504044
1663082805
1692707574
1682553070
1684205261
1678078050
1692874480
1664993151
1686705244
1687448141
1652151290
1697477502
1659861474
1689024095
1686173525
1680539647
1688475377
1673625570
1689024295
1694710775
1695074923
1669170541
1665360483
1677170482
1664441464
1660047407
1681373602
1659533654
1672565837
1651247997
1693494664
1658385263
1681589145
1667514890
1692683092
1678848261
1679418217
1655776953
1677728203
1655396035
1686167120
1658780493
1676426290
1667542237
1653206993
1688176555
1668136573
1653433954
1698437834
1670990675
1686397167
1659011490
1662451811
1664560895
1678428074
1676191195
1652602670
1689686093
1674499817
1660648917
1683172894
1660085404
1651140714
1676883177
1673353013
1652353384
1685301831
1686693817
1663131041
1662046781
1650646985
1699722315
1663837330
1661995871
1674636071
1652805063
1662283084
1675510011
1694915007
1689218062
1695845171
1656818692
1654681172
1699658334
1684015492
1692544600
1692293663
1662376057
1666309854
1685038872
1680550673
1677351105
1692590170
1651557661
1688082752
1678097427
1688377855
1691330682
1683602485
1654422362
1652195435
1691707733
1688045764
1650960902
1664283233
1691377917
1660202493
1681917035
1676406935
1688886344
1658702093
1659758862
1697160707
1671774863
1663449092
1660197985
1674301705
1661568782
1678082260
1675995377
1675013815
1668539521
1665248882
1697699867
1667937867
1671516801
1679220942
1663998652
1658198011
1658612933
1664259534
1691387763
1663053525
1689393771
1696528462
1653489547
1699855190
1662707877
1674261770
1673106363
1653104175
1669744601
1692606833
1681915151
1655025264
1677604855
1677838283
1664272492
1660883575
1697550293
1685255144
1668854650
1687041742
1654206871
1671365771
1695387682
1680896850
1685914732
1657853444
1686113347
1660784073
1696125197
1671263043
1679109227
1686279291
1669470964
1680905912
1665495227
1655841001
1674099933
1698081730
1695644070
1680686055
1656351641
1670276802
1663094242
1697736647
1677422901
1655625744
1694201942
1662063102
1659277435
1678337492
1683062895
1692732997
1657129273
1654379855
1667833085
1653047842
1691558473
1683880707
1652537535
1651940510
1655119904
1682781015
1681844184
1694754242
1675111384
1680337370
1677701832
1699443947
1661601391
1667357790
1674583897
1656900083
1653909133
1693161184
1687975414
1671044520
1698810887
1657385724
1665348320
1680117557
1660567455
1686860874
1678871933
1655176690
1677420777
1690135112
1668679277
1674949042
1689155660
1667906111
1657683925
1651301752
1669879453
1682007502
1655391475
1688907513
1658353825
1689521397
1655200827
1689264992
1678561367
1665177065
1677654791
1687501141
1677044313
1677239431
1674068912
1678845927
1664886305
1656598631
1671305601
1659372405
1650747911
1698379742
1689984977
1670834934
1678526732
1686800822
1688146875
1696773443
1664360534
1658677541
1657418315
1653212842
1678484427
1692988562
1653156207
1678048984
1692723353
1687550923
1667378125
1682419227
1667405362
1656259673
1659795671
1698838405
1679439294
1672805433
1654732742
1690301537
1655447914
1681613212
1668152302
1658221277
1696926397
1655410222
1677440575
1677271880
1666474060
1686353177
1685466484
1650508233
1654081177
1682081371
1698192692
1678250281
1656980997
1680685005
1656596614
1675219787
1686741194
1663243117
1669043793
1682837364
1652861250
1680995845
1674177480
1665296871
1675011462
1655299322
1699734117
1656609250
1667386474
1673363644
1650329593
1669046130
1673269983
1694121342
1689231043
1686272487
1686885812
1689519690
1652041004
1675040654
1676432813
1664398390
1663681111
1659996287
1696379752
1651689063
1651348205
1656184434
1667544607
1677888623
1690259862
1685880775
1698845495
1671765242
1670498171
1659832987
1694881630
1693106901
1682572234
1691610702
1692509541
1652509483
1678534074
1653197161
1652367124
1671794631
1660842683
1655701162
1659868317
1682905125
1687456815
1664880557
1679238702
1674972823
1698656667
1660907120
1676585074
1679551044
1687097005
1678584855
1667935832
1674656512
1687164497
1676899492
1675499851
1659230951
1672724087
1686494567
1690652283
1650939632
1692900853
1694380562
1698000541
1684850625
1690060603
1699092417
1694830300
1688198543
1692512792
1689743820
1655662381
1697788425
1694882817
1652467487
1682528861
1666761277
1664951284
1684911060
1656998300
1679298127
1691041880
1660712033
1686643467
1677904915
1665774217
1657652700
1689844783
1675055697
1652693780
1686720184
1677742960
1659903423
1695528853
1650173365
1696263082
